final_ans = [(0, 400, 0, 400), (401, 446, 351, 396), (450, 495, 350, 395), (500, 545, 350, 395), (550, 595, 350, 395), (600, 668, 330, 398), (670, 738, 330, 398), (740, 808, 330, 398), (813, 842, 367, 396), (843, 940, 298, 395), (941, 1009, 300, 368), (1010, 1407, 400, 797)]
anchors = [(813, 842, 367, 396), (843, 940, 298, 395), (941, 1009, 300, 368), (0, 400, 0, 400), (401, 446, 351, 396), (450, 495, 350, 395), (500, 545, 350, 395), (550, 595, 350, 395), (600, 668, 330, 398), (670, 738, 330, 398), (740, 808, 330, 398), (1010, 1407, 400, 797)]
